78
100
72
99
69
95
83
63
111
54
103
85
75
103
92
56
67
103
79
72
98
86
121
68
88
69
91
89
101
72
56
76
101
60
109
87
116
83
91
65
73
91
83
44
83
99
76
89
111
70
85
76
75
100
72
97
102
82
91
89
86
104
76
88
94
82
75
86
78
66
68
98
92
105
68
71
113
53
79
84
91
47
111
67
87
110
128
56
72
62
86
96
58
80
74
67
99
105
59
103
41
117
96
101
72
70
45
67
80
73
100
79
52
85
106
94
148
91
99
93
80
104
78
60
110
73
103
79
67
87
71
90
104
83
132
84
101
108
92
71
101
108
101
63
64
81
59
86
60
95
119
53
70
62
88
46
76
116
76
69
110
40
60
114
98
94
61
70
90
133
76
86
81
84
55
62
108
87
118
69
71
71
63
134
114
57
63
64
124
69
107
90
64
126
85
105
74
85
113
68
101
106
116
104
105
71
102
85
76
68
55
66
73
70
39
75
84
94
64
110
76
41
77
79
99
86
90
85
68
84
102
69
99
68
62
71
108
98
71
80
116
95
77
100
88
87
74
112
59
89
87
59
76
84
68
78
47
68
92
100
115
76
81
83
119
78
97
71
101
78
61
95
63
85
138
64
77
95
52
66
63
74
92
81
65
103
68
99
62
87
55
45
86
85
89
72
93
97
110
85
95
74
102
102
88
50
86
81
76
69
87
78
92
53
64
48
121
78
121
76
94
98
53
104
97
78
59
70
94
79
104
53
95
124
85
124
81
85
96
69
78
93
104
85
89
59
64
56
67
74
99
75
76
45
70
122
55
91
119
96
92
140
51
95
61
126
82
95
61
111
64
54
91
76
59
107
97
81
76
77
72
89
106
98
75
78
94
97
113
98
79
79
96
77
144
189
86
61
64
66
99
129
89
115
62
96
72
114
93
71
49
79
58
84
80
80
81
108
60
70
73
46
85
95
63
73
72
76
80
82
73
83
83
80
100
95
64
64
69
92
78
51
87
85
130
113
90
108
85
68
79
95
92
82
81
87
81
72
68
67
79
73
79
117
104
80
121
113
71
44
52
77
68
86
65
85
100
61
112
128
94
112
93
96
94
114
87
56
72
72
103
80
75
111
88
115
72
113
91
119
66
98
87
66
95
80
85
86
100
75
94
84
75
81
70
92
90
122
80
147
132
52
92
62
97
89
69
72
66
115
87
85
93
72
103
109
44
103
49
72
68
58
96
102
78
94
105
84
86
116
86
89
84
105
76
106
89
99
90
83
154
80
94
97
70
78
70
79
87
53
136
69
111
82
73
78
86
44
59
85
92
88
58
69
64
97
79
83
55
86
97
81
65
123
89
45
84
85
95
95
91
55
86
109
84
75
81
67
76
76
89
95
114
84
70
70
61
82
99
120
101
92
170
97
80
75
79
50
89
62
67
103
84
91
83
67
74
88
42
94
98
68
109
76
74
59
93
68
36
129
